No.	AA	DNA_binding	RNA_binding	Peptide_binding	Protein_binding	ATP_binding	HEM_binding	ZN_binding	CA_binding	MG_binding	MN_binding
1	M	0.041	0.049	0.293	0.723	0.003	0.006	0.001	0.005	0.002	0.001
2	E	0.053	0.087	0.775	0.977	0.088	0.237	0.003	0.009	0.006	0.004
3	S	0.044	0.067	0.325	0.726	0.005	0.004	0.001	0.013	0.005	0.003
4	I	0.023	0.053	0.582	0.874	0.019	0.153	0.000	0.002	0.003	0.002
5	E	0.006	0.009	0.069	0.397	0.001	0.000	0.015	0.020	0.006	0.006
6	A	0.001	0.001	0.004	0.024	0.000	0.000	0.000	0.000	0.000	0.000
7	V	0.001	0.001	0.010	0.066	0.001	0.003	0.000	0.000	0.001	0.000
8	V	0.000	0.000	0.000	0.002	0.003	0.001	0.000	0.001	0.003	0.001
9	I	0.001	0.005	0.002	0.004	0.463	0.013	0.000	0.003	0.013	0.003
10	G	0.001	0.003	0.003	0.002	0.651	0.033	0.001	0.035	0.208	0.048
11	A	0.002	0.006	0.016	0.015	0.687	0.021	0.000	0.010	0.056	0.015
12	G	0.001	0.005	0.001	0.001	0.794	0.040	0.000	0.031	0.186	0.039
13	V	0.001	0.004	0.001	0.001	0.113	0.007	0.000	0.006	0.027	0.003
14	V	0.001	0.002	0.000	0.000	0.185	0.006	0.000	0.011	0.052	0.007
15	G	0.000	0.000	0.000	0.000	0.062	0.004	0.000	0.005	0.021	0.005
16	L	0.001	0.002	0.019	0.143	0.003	0.003	0.000	0.002	0.004	0.001
17	A	0.000	0.000	0.000	0.001	0.000	0.000	0.001	0.002	0.003	0.001
18	C	0.000	0.000	0.000	0.000	0.000	0.000	0.001	0.002	0.003	0.001
19	A	0.000	0.000	0.006	0.024	0.000	0.002	0.000	0.000	0.001	0.000
20	R	0.004	0.004	0.052	0.317	0.001	0.002	0.007	0.004	0.005	0.005
21	E	0.000	0.000	0.000	0.006	0.000	0.000	0.078	0.039	0.028	0.021
22	L	0.000	0.000	0.001	0.004	0.000	0.000	0.000	0.001	0.001	0.000
23	A	0.001	0.001	0.059	0.301	0.000	0.001	0.001	0.003	0.007	0.003
24	R	0.005	0.011	0.042	0.357	0.001	0.001	0.005	0.005	0.003	0.005
25	R	0.002	0.003	0.002	0.033	0.000	0.000	0.003	0.006	0.004	0.004
26	G	0.002	0.006	0.083	0.555	0.001	0.000	0.001	0.047	0.008	0.006
27	F	0.003	0.004	0.025	0.201	0.001	0.001	0.001	0.004	0.003	0.002
28	E	0.020	0.045	0.680	0.947	0.049	0.114	0.008	0.022	0.013	0.009
29	T	0.003	0.003	0.169	0.471	0.002	0.005	0.000	0.004	0.006	0.002
30	V	0.015	0.037	0.651	0.843	0.057	0.169	0.000	0.003	0.004	0.002
31	I	0.003	0.005	0.132	0.405	0.053	0.027	0.000	0.003	0.006	0.001
32	L	0.005	0.018	0.113	0.230	0.570	0.076	0.000	0.002	0.011	0.004
33	E	0.004	0.017	0.012	0.023	0.774	0.047	0.009	0.003	0.051	0.045
34	R	0.006	0.033	0.009	0.045	0.766	0.091	0.002	0.003	0.029	0.017
35	H	0.010	0.037	0.013	0.091	0.456	0.042	0.140	0.005	0.029	0.045
36	G	0.018	0.033	0.085	0.633	0.013	0.006	0.004	0.002	0.004	0.004
37	A	0.015	0.034	0.068	0.705	0.028	0.014	0.001	0.004	0.011	0.002
38	F	0.010	0.018	0.198	0.726	0.095	0.026	0.001	0.004	0.006	0.003
39	G	0.002	0.004	0.003	0.029	0.179	0.011	0.000	0.006	0.018	0.005
40	T	0.010	0.014	0.017	0.230	0.191	0.016	0.000	0.004	0.014	0.003
41	E	0.004	0.011	0.001	0.002	0.484	0.017	0.022	0.009	0.065	0.033
42	T	0.013	0.071	0.005	0.002	0.554	0.120	0.000	0.011	0.057	0.006
43	S	0.005	0.028	0.004	0.003	0.454	0.046	0.000	0.014	0.089	0.015
44	A	0.024	0.067	0.032	0.254	0.019	0.005	0.001	0.016	0.041	0.005
45	R	0.072	0.112	0.066	0.113	0.066	0.018	0.001	0.010	0.029	0.006
46	N	0.070	0.181	0.130	0.057	0.097	0.070	0.005	0.097	0.171	0.065
47	S	0.209	0.326	0.284	0.070	0.046	0.197	0.020	0.099	0.105	0.078
48	E	0.025	0.043	0.091	0.300	0.006	0.007	0.070	0.142	0.193	0.121
49	V	0.060	0.135	0.093	0.023	0.021	0.119	0.009	0.043	0.091	0.045
50	I	0.001	0.002	0.004	0.003	0.002	0.006	0.000	0.001	0.001	0.000
51	H	0.481	0.494	0.502	0.079	0.112	0.388	0.043	0.057	0.089	0.099
52	A	0.002	0.003	0.001	0.002	0.001	0.003	0.000	0.001	0.001	0.000
53	G	0.001	0.002	0.001	0.001	0.000	0.002	0.000	0.000	0.001	0.000
54	L	0.009	0.012	0.014	0.010	0.008	0.082	0.000	0.001	0.001	0.000
55	Y	0.290	0.268	0.415	0.139	0.050	0.457	0.001	0.020	0.016	0.008
56	Y	0.278	0.209	0.312	0.232	0.019	0.249	0.000	0.007	0.010	0.004
57	P	0.088	0.079	0.030	0.302	0.001	0.003	0.000	0.001	0.002	0.000
58	T	0.004	0.007	0.002	0.116	0.000	0.000	0.000	0.001	0.001	0.000
59	D	0.003	0.005	0.002	0.070	0.000	0.000	0.015	0.004	0.003	0.002
60	S	0.012	0.015	0.002	0.033	0.000	0.000	0.000	0.000	0.001	0.000
61	L	0.002	0.003	0.001	0.010	0.000	0.001	0.000	0.000	0.000	0.000
62	K	0.052	0.081	0.034	0.066	0.008	0.014	0.001	0.005	0.009	0.005
63	A	0.000	0.000	0.000	0.002	0.000	0.000	0.000	0.000	0.000	0.000
64	R	0.002	0.003	0.001	0.025	0.000	0.000	0.003	0.001	0.001	0.001
65	L	0.000	0.000	0.000	0.002	0.000	0.001	0.000	0.000	0.000	0.000
66	C	0.000	0.001	0.001	0.001	0.000	0.003	0.002	0.000	0.001	0.001
67	V	0.000	0.001	0.000	0.006	0.000	0.000	0.000	0.000	0.000	0.000
68	A	0.001	0.001	0.001	0.013	0.000	0.000	0.000	0.001	0.001	0.000
69	G	0.000	0.000	0.000	0.001	0.000	0.000	0.000	0.001	0.001	0.000
70	R	0.001	0.002	0.001	0.007	0.000	0.000	0.000	0.001	0.002	0.000
71	Q	0.001	0.002	0.001	0.025	0.000	0.000	0.001	0.002	0.002	0.001
72	Q	0.000	0.001	0.001	0.021	0.000	0.000	0.015	0.007	0.005	0.003
73	L	0.000	0.000	0.000	0.001	0.000	0.001	0.000	0.000	0.000	0.000
74	Y	0.001	0.001	0.001	0.012	0.000	0.000	0.000	0.000	0.001	0.000
75	A	0.002	0.002	0.003	0.120	0.000	0.000	0.000	0.000	0.001	0.000
76	F	0.002	0.001	0.018	0.319	0.000	0.001	0.004	0.001	0.001	0.002
77	C	0.000	0.000	0.001	0.013	0.000	0.001	0.005	0.000	0.001	0.001
78	A	0.001	0.001	0.004	0.245	0.000	0.000	0.001	0.001	0.001	0.001
79	T	0.004	0.005	0.051	0.483	0.000	0.001	0.003	0.004	0.002	0.003
80	H	0.014	0.011	0.163	0.735	0.005	0.010	0.229	0.013	0.009	0.027
81	A	0.007	0.013	0.121	0.736	0.001	0.001	0.000	0.005	0.003	0.001
82	I	0.002	0.003	0.072	0.679	0.000	0.002	0.001	0.002	0.002	0.001
83	S	0.005	0.008	0.037	0.772	0.001	0.001	0.001	0.004	0.003	0.001
84	H	0.001	0.002	0.004	0.220	0.000	0.000	0.019	0.004	0.005	0.003
85	Q	0.001	0.004	0.004	0.306	0.000	0.000	0.001	0.004	0.005	0.001
86	R	0.002	0.003	0.001	0.069	0.000	0.000	0.001	0.003	0.004	0.001
87	C	0.000	0.001	0.001	0.014	0.000	0.000	0.001	0.001	0.001	0.000
88	G	0.000	0.000	0.000	0.002	0.000	0.000	0.000	0.000	0.001	0.000
89	K	0.061	0.134	0.150	0.068	0.069	0.331	0.005	0.014	0.031	0.021
90	L	0.000	0.000	0.000	0.001	0.000	0.001	0.000	0.000	0.000	0.000
91	V	0.000	0.001	0.001	0.002	0.000	0.005	0.000	0.000	0.001	0.000
92	V	0.000	0.000	0.000	0.001	0.000	0.000	0.000	0.001	0.001	0.000
93	A	0.000	0.000	0.000	0.001	0.000	0.000	0.000	0.000	0.001	0.000
94	T	0.001	0.002	0.000	0.006	0.000	0.000	0.000	0.002	0.005	0.001
95	S	0.002	0.003	0.000	0.006	0.000	0.000	0.000	0.001	0.002	0.001
96	P	0.001	0.005	0.000	0.009	0.000	0.000	0.000	0.002	0.001	0.001
97	A	0.004	0.007	0.000	0.035	0.000	0.000	0.000	0.001	0.001	0.000
98	Q	0.008	0.007	0.001	0.021	0.000	0.000	0.000	0.001	0.005	0.001
99	E	0.000	0.001	0.000	0.007	0.000	0.000	0.003	0.002	0.002	0.001
100	S	0.003	0.008	0.001	0.047	0.000	0.000	0.000	0.001	0.001	0.000
101	R	0.027	0.036	0.006	0.150	0.000	0.001	0.000	0.002	0.007	0.001
102	L	0.000	0.000	0.000	0.002	0.000	0.000	0.000	0.000	0.000	0.000
103	A	0.001	0.002	0.000	0.019	0.000	0.000	0.000	0.000	0.001	0.000
104	A	0.007	0.023	0.003	0.109	0.000	0.000	0.000	0.000	0.001	0.000
105	L	0.003	0.005	0.009	0.029	0.001	0.006	0.000	0.000	0.001	0.000
106	Q	0.000	0.001	0.001	0.011	0.000	0.000	0.001	0.002	0.003	0.001
107	K	0.004	0.013	0.002	0.099	0.000	0.000	0.001	0.002	0.003	0.001
108	Q	0.006	0.017	0.007	0.167	0.000	0.000	0.000	0.002	0.003	0.001
109	G	0.000	0.000	0.000	0.002	0.000	0.000	0.000	0.000	0.001	0.000
110	E	0.000	0.001	0.002	0.045	0.000	0.000	0.033	0.017	0.014	0.010
111	A	0.002	0.004	0.004	0.111	0.000	0.000	0.000	0.001	0.001	0.000
112	N	0.001	0.001	0.001	0.020	0.000	0.000	0.000	0.001	0.001	0.000
113	G	0.000	0.001	0.002	0.023	0.000	0.000	0.000	0.003	0.003	0.001
114	V	0.000	0.000	0.001	0.005	0.000	0.000	0.000	0.001	0.001	0.000
115	D	0.001	0.001	0.003	0.063	0.000	0.000	0.015	0.028	0.017	0.008
116	D	0.000	0.001	0.001	0.017	0.000	0.000	0.000	0.002	0.003	0.000
117	L	0.000	0.000	0.000	0.005	0.000	0.000	0.000	0.002	0.002	0.001
118	Q	0.001	0.002	0.001	0.034	0.000	0.000	0.001	0.002	0.004	0.001
119	R	0.001	0.001	0.000	0.015	0.000	0.000	0.001	0.003	0.003	0.001
120	L	0.000	0.000	0.000	0.005	0.000	0.000	0.000	0.001	0.001	0.000
121	S	0.000	0.001	0.000	0.003	0.000	0.000	0.000	0.001	0.002	0.001
122	A	0.000	0.001	0.000	0.002	0.000	0.000	0.000	0.000	0.001	0.001
123	A	0.001	0.001	0.000	0.004	0.000	0.000	0.000	0.000	0.001	0.000
124	E	0.000	0.001	0.000	0.010	0.000	0.000	0.004	0.004	0.004	0.002
125	A	0.000	0.000	0.000	0.001	0.000	0.000	0.000	0.000	0.000	0.000
126	R	0.001	0.003	0.000	0.006	0.000	0.000	0.000	0.001	0.003	0.001
127	A	0.000	0.001	0.000	0.007	0.000	0.000	0.000	0.001	0.001	0.000
128	L	0.000	0.001	0.000	0.009	0.000	0.000	0.000	0.000	0.001	0.000
129	E	0.000	0.000	0.000	0.002	0.000	0.000	0.000	0.001	0.002	0.000
130	P	0.000	0.001	0.000	0.004	0.000	0.000	0.000	0.001	0.001	0.000
131	G	0.000	0.000	0.000	0.002	0.000	0.000	0.000	0.001	0.001	0.000
132	L	0.000	0.000	0.000	0.001	0.000	0.000	0.000	0.000	0.001	0.000
133	A	0.000	0.000	0.000	0.003	0.000	0.000	0.000	0.001	0.001	0.000
134	C	0.000	0.000	0.000	0.001	0.000	0.000	0.000	0.001	0.001	0.000
135	T	0.000	0.001	0.000	0.003	0.000	0.000	0.000	0.001	0.001	0.000
136	A	0.000	0.000	0.000	0.003	0.000	0.000	0.000	0.000	0.000	0.000
137	A	0.000	0.000	0.000	0.001	0.000	0.000	0.000	0.000	0.000	0.000
138	L	0.000	0.000	0.000	0.002	0.000	0.001	0.000	0.000	0.001	0.000
139	L	0.000	0.000	0.000	0.003	0.000	0.000	0.000	0.000	0.001	0.000
140	S	0.000	0.001	0.000	0.001	0.000	0.002	0.000	0.000	0.001	0.000
141	P	0.000	0.001	0.001	0.011	0.000	0.000	0.000	0.001	0.001	0.000
142	S	0.000	0.001	0.000	0.005	0.000	0.000	0.000	0.000	0.001	0.000
143	T	0.001	0.003	0.002	0.002	0.001	0.004	0.000	0.001	0.001	0.000
144	G	0.000	0.000	0.000	0.001	0.000	0.000	0.000	0.000	0.001	0.000
145	I	0.001	0.001	0.003	0.022	0.000	0.001	0.000	0.002	0.003	0.001
146	V	0.000	0.001	0.003	0.065	0.000	0.000	0.000	0.027	0.022	0.005
147	D	0.006	0.023	0.058	0.717	0.004	0.002	0.055	0.023	0.026	0.020
148	S	0.004	0.009	0.013	0.184	0.002	0.003	0.002	0.015	0.027	0.014
149	H	0.015	0.093	0.119	0.826	0.014	0.014	0.080	0.012	0.010	0.013
150	G	0.003	0.010	0.096	0.753	0.001	0.001	0.002	0.003	0.003	0.001
151	L	0.000	0.000	0.003	0.010	0.000	0.000	0.000	0.000	0.000	0.000
152	M	0.002	0.003	0.017	0.204	0.007	0.006	0.000	0.001	0.002	0.001
153	L	0.005	0.042	0.318	0.940	0.008	0.039	0.001	0.002	0.001	0.001
154	A	0.010	0.013	0.131	0.648	0.002	0.004	0.002	0.002	0.002	0.001
155	L	0.000	0.000	0.000	0.006	0.000	0.000	0.000	0.000	0.001	0.000
156	L	0.007	0.021	0.339	0.888	0.005	0.028	0.000	0.003	0.003	0.001
157	G	0.014	0.052	0.240	0.865	0.008	0.014	0.002	0.005	0.003	0.002
158	D	0.014	0.025	0.098	0.518	0.005	0.007	0.247	0.014	0.010	0.054
159	A	0.000	0.000	0.019	0.138	0.000	0.001	0.000	0.001	0.003	0.001
160	E	0.015	0.063	0.634	0.969	0.045	0.049	0.006	0.022	0.015	0.011
161	T	0.023	0.082	0.233	0.844	0.019	0.026	0.001	0.006	0.004	0.003
162	A	0.003	0.005	0.061	0.612	0.001	0.001	0.001	0.007	0.006	0.003
163	G	0.005	0.014	0.503	0.924	0.009	0.012	0.001	0.026	0.012	0.007
164	A	0.005	0.011	0.427	0.820	0.017	0.013	0.001	0.013	0.019	0.007
165	A	0.015	0.053	0.729	0.958	0.073	0.184	0.001	0.006	0.005	0.003
166	L	0.015	0.041	0.593	0.898	0.050	0.093	0.001	0.003	0.004	0.002
167	A	0.013	0.062	0.686	0.859	0.147	0.172	0.001	0.003	0.005	0.002
168	L	0.017	0.056	0.583	0.844	0.152	0.110	0.000	0.001	0.002	0.001
169	H	0.028	0.089	0.294	0.700	0.155	0.079	0.174	0.006	0.009	0.038
170	S	0.008	0.033	0.434	0.575	0.468	0.150	0.001	0.002	0.007	0.003
171	P	0.006	0.043	0.035	0.128	0.469	0.025	0.000	0.001	0.001	0.001
172	L	0.001	0.010	0.008	0.015	0.529	0.041	0.000	0.001	0.003	0.001
173	L	0.004	0.009	0.023	0.029	0.007	0.001	0.000	0.001	0.002	0.001
174	R	0.005	0.014	0.002	0.014	0.003	0.000	0.000	0.001	0.001	0.001
175	G	0.001	0.002	0.000	0.002	0.001	0.000	0.000	0.000	0.001	0.000
176	S	0.003	0.004	0.001	0.007	0.000	0.000	0.000	0.001	0.001	0.000
177	L	0.003	0.006	0.000	0.004	0.000	0.000	0.000	0.001	0.001	0.000
178	D	0.004	0.006	0.001	0.029	0.000	0.000	0.012	0.076	0.070	0.026
179	A	0.006	0.017	0.000	0.010	0.000	0.000	0.000	0.012	0.006	0.001
180	N	0.009	0.024	0.001	0.033	0.000	0.000	0.000	0.018	0.006	0.002
181	T	0.009	0.011	0.002	0.065	0.000	0.000	0.001	0.028	0.031	0.005
182	P	0.011	0.017	0.003	0.096	0.000	0.000	0.000	0.002	0.001	0.000
183	G	0.003	0.003	0.001	0.017	0.000	0.000	0.000	0.019	0.012	0.002
184	I	0.001	0.001	0.000	0.002	0.000	0.000	0.000	0.000	0.001	0.000
185	V	0.003	0.004	0.001	0.014	0.000	0.000	0.000	0.001	0.001	0.000
186	L	0.000	0.001	0.001	0.008	0.001	0.001	0.000	0.000	0.001	0.000
187	E	0.001	0.003	0.017	0.046	0.001	0.000	0.002	0.003	0.002	0.001
188	S	0.006	0.008	0.207	0.393	0.019	0.030	0.000	0.001	0.002	0.001
189	G	0.005	0.009	0.152	0.372	0.022	0.006	0.000	0.001	0.001	0.001
190	G	0.013	0.024	0.211	0.593	0.018	0.009	0.000	0.003	0.004	0.002
191	A	0.032	0.055	0.325	0.812	0.033	0.042	0.000	0.004	0.003	0.001
192	D	0.023	0.052	0.521	0.904	0.039	0.030	0.001	0.011	0.005	0.003
193	G	0.004	0.009	0.227	0.543	0.005	0.003	0.000	0.005	0.002	0.001
194	L	0.023	0.077	0.723	0.922	0.140	0.253	0.001	0.003	0.004	0.002
195	R	0.028	0.041	0.096	0.373	0.005	0.003	0.001	0.003	0.002	0.002
196	F	0.028	0.084	0.615	0.854	0.090	0.189	0.000	0.002	0.003	0.002
197	K	0.021	0.024	0.010	0.120	0.003	0.000	0.000	0.002	0.002	0.001
198	A	0.001	0.001	0.004	0.026	0.000	0.001	0.000	0.000	0.000	0.000
199	R	0.027	0.041	0.017	0.296	0.001	0.001	0.001	0.004	0.002	0.002
200	R	0.002	0.002	0.001	0.017	0.000	0.000	0.001	0.001	0.001	0.001
201	V	0.000	0.000	0.000	0.002	0.000	0.001	0.000	0.000	0.000	0.000
202	I	0.000	0.000	0.000	0.000	0.001	0.000	0.000	0.001	0.001	0.000
203	N	0.000	0.001	0.000	0.000	0.030	0.002	0.000	0.001	0.003	0.001
204	A	0.000	0.002	0.000	0.000	0.521	0.007	0.001	0.042	0.227	0.052
205	A	0.002	0.012	0.002	0.001	0.814	0.053	0.000	0.005	0.021	0.005
206	G	0.003	0.019	0.001	0.000	0.871	0.052	0.000	0.015	0.091	0.012
207	L	0.007	0.013	0.002	0.001	0.577	0.044	0.000	0.003	0.016	0.004
208	W	0.004	0.012	0.001	0.002	0.635	0.029	0.000	0.002	0.018	0.007
209	A	0.000	0.000	0.000	0.000	0.013	0.001	0.000	0.001	0.002	0.001
210	P	0.001	0.001	0.000	0.001	0.002	0.000	0.000	0.001	0.002	0.000
211	Q	0.001	0.002	0.000	0.001	0.003	0.000	0.000	0.004	0.006	0.002
212	V	0.001	0.002	0.000	0.001	0.109	0.009	0.000	0.000	0.001	0.001
213	A	0.001	0.001	0.000	0.001	0.000	0.000	0.000	0.000	0.000	0.000
214	A	0.005	0.008	0.000	0.004	0.000	0.000	0.000	0.001	0.001	0.000
215	S	0.003	0.007	0.001	0.004	0.002	0.000	0.000	0.002	0.003	0.000
216	L	0.001	0.002	0.000	0.002	0.001	0.001	0.000	0.000	0.001	0.000
217	A	0.010	0.016	0.001	0.010	0.000	0.000	0.000	0.001	0.001	0.000
218	G	0.008	0.012	0.000	0.008	0.000	0.000	0.000	0.001	0.001	0.000
219	F	0.005	0.007	0.000	0.004	0.000	0.000	0.000	0.000	0.001	0.000
220	P	0.008	0.015	0.000	0.009	0.000	0.000	0.000	0.000	0.000	0.000
221	R	0.023	0.024	0.000	0.008	0.000	0.000	0.000	0.001	0.001	0.000
222	T	0.013	0.016	0.001	0.028	0.000	0.000	0.000	0.001	0.001	0.000
223	L	0.008	0.008	0.000	0.021	0.000	0.000	0.000	0.000	0.000	0.000
224	I	0.003	0.004	0.000	0.004	0.000	0.000	0.000	0.001	0.001	0.000
225	P	0.002	0.004	0.000	0.002	0.000	0.000	0.000	0.001	0.001	0.000
226	A	0.002	0.005	0.000	0.007	0.000	0.000	0.000	0.002	0.002	0.000
227	N	0.001	0.002	0.000	0.001	0.002	0.000	0.001	0.003	0.008	0.003
228	F	0.005	0.014	0.003	0.104	0.002	0.002	0.000	0.001	0.002	0.000
229	H	0.002	0.005	0.001	0.002	0.005	0.002	0.018	0.003	0.010	0.007
230	A	0.031	0.059	0.009	0.066	0.009	0.010	0.000	0.000	0.003	0.001
231	K	0.020	0.026	0.006	0.017	0.016	0.008	0.001	0.001	0.003	0.001
232	G	0.028	0.075	0.008	0.007	0.019	0.017	0.000	0.001	0.003	0.001
233	S	0.001	0.002	0.001	0.005	0.001	0.000	0.000	0.000	0.001	0.000
234	Y	0.158	0.170	0.126	0.015	0.029	0.070	0.002	0.027	0.019	0.012
235	Y	0.000	0.000	0.000	0.002	0.000	0.000	0.000	0.001	0.001	0.000
236	A	0.001	0.001	0.001	0.007	0.000	0.000	0.000	0.000	0.001	0.000
237	L	0.000	0.000	0.000	0.004	0.000	0.000	0.000	0.001	0.001	0.000
238	T	0.001	0.001	0.001	0.023	0.000	0.000	0.000	0.002	0.003	0.000
239	G	0.001	0.001	0.001	0.033	0.000	0.000	0.000	0.002	0.002	0.000
240	R	0.004	0.004	0.001	0.059	0.000	0.000	0.000	0.002	0.003	0.000
241	T	0.000	0.000	0.000	0.003	0.000	0.000	0.000	0.001	0.002	0.000
242	P	0.000	0.001	0.000	0.005	0.000	0.000	0.000	0.001	0.002	0.000
243	F	0.000	0.000	0.000	0.002	0.000	0.000	0.000	0.002	0.002	0.000
244	S	0.000	0.001	0.000	0.010	0.000	0.000	0.000	0.002	0.002	0.000
245	R	0.000	0.001	0.000	0.007	0.000	0.000	0.000	0.001	0.002	0.000
246	L	0.001	0.006	0.007	0.003	0.002	0.072	0.000	0.001	0.001	0.000
247	V	0.000	0.000	0.000	0.000	0.000	0.001	0.000	0.000	0.000	0.000
248	Y	0.236	0.346	0.314	0.057	0.035	0.321	0.015	0.050	0.041	0.039
249	P	0.003	0.006	0.005	0.009	0.001	0.004	0.000	0.014	0.012	0.002
250	L	0.002	0.007	0.007	0.014	0.001	0.004	0.000	0.009	0.010	0.001
251	P	0.016	0.027	0.033	0.066	0.003	0.012	0.000	0.005	0.006	0.001
252	E	0.020	0.034	0.033	0.235	0.002	0.002	0.034	0.031	0.024	0.015
253	A	0.104	0.098	0.067	0.579	0.005	0.006	0.000	0.003	0.006	0.001
254	G	0.158	0.232	0.242	0.573	0.037	0.060	0.000	0.003	0.006	0.001
255	G	0.277	0.348	0.310	0.391	0.037	0.205	0.000	0.016	0.014	0.002
256	L	0.479	0.514	0.601	0.261	0.123	0.555	0.002	0.040	0.031	0.015
257	G	0.028	0.067	0.036	0.087	0.004	0.007	0.001	0.031	0.045	0.009
258	V	0.002	0.006	0.002	0.014	0.000	0.000	0.000	0.003	0.007	0.001
259	H	0.123	0.256	0.280	0.050	0.064	0.327	0.026	0.068	0.083	0.055
260	L	0.000	0.001	0.000	0.001	0.000	0.001	0.000	0.001	0.001	0.000
261	T	0.004	0.017	0.017	0.008	0.003	0.069	0.000	0.010	0.016	0.003
262	L	0.000	0.001	0.001	0.019	0.000	0.001	0.000	0.004	0.004	0.000
263	D	0.006	0.028	0.016	0.310	0.001	0.001	0.010	0.021	0.029	0.011
264	L	0.004	0.009	0.011	0.643	0.000	0.001	0.001	0.011	0.005	0.002
265	G	0.005	0.042	0.006	0.526	0.001	0.000	0.001	0.007	0.003	0.001
266	G	0.001	0.002	0.001	0.049	0.000	0.000	0.000	0.003	0.002	0.000
267	Q	0.001	0.005	0.003	0.053	0.000	0.000	0.000	0.004	0.005	0.000
268	A	0.000	0.000	0.000	0.002	0.000	0.000	0.000	0.001	0.001	0.000
269	R	0.066	0.063	0.123	0.130	0.009	0.024	0.003	0.028	0.036	0.017
270	F	0.000	0.000	0.000	0.001	0.000	0.000	0.000	0.001	0.001	0.000
271	G	0.003	0.009	0.005	0.004	0.002	0.003	0.003	0.007	0.014	0.011
272	P	0.205	0.385	0.282	0.096	0.115	0.252	0.001	0.041	0.047	0.023
273	D	0.009	0.029	0.020	0.119	0.007	0.003	0.003	0.004	0.009	0.002
274	V	0.099	0.200	0.109	0.363	0.013	0.025	0.000	0.003	0.005	0.001
275	E	0.006	0.016	0.015	0.189	0.002	0.001	0.004	0.003	0.004	0.001
276	W	0.070	0.117	0.036	0.379	0.004	0.006	0.000	0.003	0.004	0.001
277	L	0.003	0.005	0.002	0.022	0.001	0.000	0.000	0.002	0.002	0.001
278	P	0.003	0.006	0.003	0.034	0.001	0.000	0.000	0.002	0.001	0.000
279	D	0.001	0.003	0.003	0.020	0.001	0.000	0.010	0.021	0.010	0.007
280	P	0.001	0.002	0.001	0.010	0.000	0.000	0.000	0.005	0.003	0.001
281	T	0.001	0.003	0.001	0.012	0.001	0.000	0.000	0.005	0.003	0.001
282	P	0.003	0.004	0.001	0.013	0.000	0.000	0.000	0.002	0.001	0.000
283	G	0.001	0.002	0.001	0.004	0.000	0.000	0.000	0.002	0.001	0.001
284	Q	0.002	0.004	0.001	0.015	0.004	0.000	0.000	0.007	0.005	0.002
285	P	0.001	0.001	0.001	0.004	0.013	0.000	0.000	0.002	0.002	0.001
286	I	0.001	0.003	0.001	0.004	0.004	0.001	0.000	0.002	0.004	0.001
287	D	0.002	0.006	0.002	0.019	0.007	0.001	0.015	0.016	0.013	0.010
288	E	0.001	0.003	0.002	0.037	0.003	0.000	0.009	0.014	0.011	0.005
289	P	0.001	0.003	0.001	0.005	0.004	0.001	0.000	0.002	0.005	0.001
290	D	0.002	0.003	0.005	0.054	0.001	0.000	0.001	0.003	0.003	0.001
291	Y	0.019	0.020	0.010	0.018	0.005	0.003	0.000	0.001	0.005	0.001
292	R	0.010	0.008	0.005	0.083	0.001	0.000	0.000	0.001	0.003	0.001
293	V	0.001	0.002	0.002	0.012	0.000	0.000	0.000	0.001	0.002	0.000
294	D	0.001	0.003	0.009	0.076	0.000	0.000	0.004	0.004	0.004	0.002
295	P	0.001	0.002	0.002	0.021	0.000	0.000	0.000	0.002	0.003	0.001
296	A	0.001	0.002	0.003	0.063	0.000	0.000	0.001	0.008	0.005	0.002
297	R	0.005	0.006	0.008	0.173	0.000	0.000	0.001	0.002	0.005	0.001
298	A	0.000	0.000	0.000	0.005	0.000	0.000	0.000	0.001	0.002	0.001
299	D	0.001	0.001	0.003	0.043	0.000	0.000	0.012	0.021	0.015	0.008
300	A	0.004	0.007	0.006	0.139	0.000	0.000	0.000	0.002	0.005	0.001
301	F	0.001	0.002	0.001	0.006	0.000	0.000	0.000	0.001	0.002	0.000
302	Y	0.000	0.000	0.000	0.004	0.000	0.000	0.000	0.002	0.004	0.002
303	A	0.002	0.003	0.002	0.049	0.000	0.000	0.000	0.001	0.002	0.001
304	E	0.003	0.008	0.009	0.159	0.000	0.000	0.032	0.022	0.029	0.015
305	I	0.000	0.000	0.000	0.001	0.000	0.000	0.000	0.000	0.001	0.000
306	R	0.000	0.001	0.001	0.010	0.000	0.000	0.000	0.005	0.008	0.002
307	R	0.003	0.006	0.002	0.050	0.000	0.000	0.002	0.008	0.010	0.003
308	Y	0.000	0.001	0.000	0.001	0.000	0.000	0.000	0.002	0.003	0.001
309	W	0.000	0.000	0.000	0.002	0.000	0.000	0.000	0.001	0.002	0.000
310	P	0.000	0.001	0.000	0.004	0.000	0.000	0.000	0.002	0.003	0.001
311	A	0.000	0.001	0.001	0.005	0.000	0.000	0.000	0.001	0.002	0.000
312	L	0.000	0.000	0.000	0.003	0.000	0.000	0.000	0.001	0.001	0.000
313	P	0.001	0.001	0.001	0.009	0.000	0.000	0.000	0.001	0.002	0.000
314	D	0.000	0.001	0.002	0.020	0.000	0.000	0.006	0.011	0.007	0.006
315	A	0.000	0.001	0.001	0.012	0.000	0.000	0.000	0.004	0.003	0.001
316	A	0.000	0.000	0.000	0.005	0.000	0.000	0.000	0.001	0.002	0.000
317	L	0.000	0.000	0.001	0.005	0.000	0.000	0.000	0.002	0.004	0.001
318	T	0.001	0.002	0.002	0.012	0.000	0.000	0.000	0.002	0.004	0.001
319	P	0.001	0.001	0.002	0.012	0.000	0.000	0.000	0.002	0.002	0.000
320	A	0.002	0.004	0.007	0.015	0.001	0.000	0.000	0.001	0.001	0.000
321	Y	0.065	0.092	0.095	0.092	0.077	0.042	0.001	0.007	0.018	0.006
322	A	0.001	0.003	0.001	0.003	0.002	0.001	0.000	0.000	0.001	0.000
323	G	0.013	0.031	0.011	0.004	0.022	0.011	0.000	0.001	0.003	0.001
324	I	0.004	0.012	0.002	0.003	0.029	0.003	0.000	0.001	0.002	0.001
325	R	0.455	0.560	0.376	0.206	0.307	0.251	0.004	0.046	0.051	0.034
326	P	0.004	0.014	0.002	0.001	0.154	0.007	0.000	0.002	0.015	0.002
327	K	0.155	0.309	0.080	0.258	0.113	0.095	0.000	0.003	0.011	0.004
328	I	0.009	0.018	0.002	0.005	0.002	0.001	0.000	0.001	0.002	0.000
329	V	0.018	0.038	0.004	0.088	0.001	0.001	0.000	0.000	0.001	0.000
330	G	0.006	0.013	0.004	0.133	0.000	0.000	0.000	0.001	0.001	0.000
331	P	0.020	0.041	0.009	0.334	0.001	0.001	0.000	0.001	0.002	0.000
332	G	0.053	0.052	0.033	0.527	0.002	0.002	0.000	0.001	0.001	0.000
333	A	0.043	0.082	0.025	0.536	0.004	0.002	0.000	0.001	0.002	0.000
334	P	0.101	0.127	0.031	0.553	0.006	0.004	0.000	0.001	0.002	0.000
335	A	0.193	0.203	0.085	0.467	0.015	0.022	0.000	0.001	0.003	0.001
336	A	0.025	0.029	0.007	0.094	0.002	0.001	0.000	0.000	0.002	0.000
337	D	0.004	0.006	0.002	0.030	0.003	0.001	0.000	0.001	0.001	0.000
338	F	0.002	0.004	0.001	0.001	0.019	0.004	0.000	0.001	0.002	0.001
339	L	0.003	0.006	0.001	0.009	0.001	0.000	0.000	0.000	0.001	0.000
340	I	0.000	0.001	0.000	0.001	0.000	0.000	0.000	0.000	0.001	0.000
341	Q	0.004	0.004	0.000	0.007	0.000	0.000	0.000	0.001	0.001	0.000
342	G	0.001	0.001	0.000	0.002	0.000	0.000	0.000	0.001	0.001	0.000
343	P	0.001	0.002	0.000	0.004	0.000	0.000	0.000	0.001	0.001	0.000
344	A	0.006	0.008	0.000	0.016	0.000	0.000	0.000	0.001	0.001	0.000
345	Q	0.009	0.008	0.000	0.021	0.000	0.000	0.000	0.002	0.001	0.000
346	H	0.005	0.004	0.000	0.006	0.000	0.000	0.000	0.001	0.001	0.000
347	G	0.004	0.008	0.000	0.012	0.000	0.000	0.000	0.002	0.001	0.000
348	I	0.004	0.004	0.000	0.005	0.000	0.000	0.000	0.000	0.001	0.000
349	A	0.003	0.005	0.000	0.006	0.000	0.000	0.000	0.002	0.001	0.000
350	G	0.000	0.000	0.000	0.002	0.000	0.000	0.000	0.001	0.001	0.000
351	L	0.000	0.001	0.000	0.001	0.000	0.000	0.000	0.000	0.000	0.000
352	V	0.000	0.000	0.000	0.001	0.000	0.000	0.000	0.000	0.000	0.000
353	N	0.000	0.001	0.000	0.000	0.000	0.000	0.000	0.000	0.001	0.000
354	L	0.000	0.001	0.000	0.000	0.114	0.002	0.000	0.003	0.015	0.001
355	F	0.000	0.001	0.000	0.000	0.003	0.001	0.000	0.001	0.001	0.000
356	G	0.001	0.004	0.000	0.000	0.104	0.001	0.000	0.003	0.009	0.001
357	I	0.002	0.016	0.001	0.000	0.493	0.025	0.000	0.008	0.033	0.003
358	E	0.181	0.319	0.109	0.057	0.477	0.138	0.001	0.020	0.035	0.011
359	S	0.550	0.537	0.488	0.082	0.238	0.337	0.011	0.059	0.079	0.110
360	P	0.222	0.294	0.158	0.035	0.102	0.109	0.001	0.016	0.027	0.012
361	G	0.009	0.035	0.007	0.002	0.211	0.051	0.000	0.005	0.019	0.003
362	L	0.013	0.025	0.024	0.026	0.010	0.010	0.000	0.008	0.010	0.002
363	T	0.005	0.005	0.004	0.006	0.001	0.002	0.000	0.005	0.008	0.002
364	A	0.000	0.000	0.000	0.000	0.001	0.000	0.000	0.001	0.001	0.000
365	C	0.000	0.000	0.000	0.001	0.001	0.001	0.001	0.001	0.001	0.000
366	L	0.000	0.000	0.000	0.090	0.000	0.000	0.001	0.005	0.002	0.001
367	A	0.000	0.000	0.000	0.003	0.000	0.000	0.000	0.002	0.003	0.000
368	I	0.000	0.000	0.000	0.000	0.002	0.001	0.000	0.000	0.001	0.000
369	A	0.000	0.000	0.000	0.001	0.000	0.000	0.001	0.006	0.007	0.002
370	E	0.001	0.001	0.001	0.012	0.000	0.000	0.053	0.029	0.016	0.010
371	R	0.005	0.005	0.001	0.019	0.000	0.000	0.001	0.002	0.003	0.001
372	A	0.000	0.000	0.000	0.000	0.000	0.000	0.000	0.000	0.001	0.000
373	A	0.000	0.000	0.000	0.001	0.000	0.000	0.000	0.001	0.001	0.001
374	D	0.001	0.001	0.001	0.009	0.000	0.000	0.044	0.023	0.011	0.012
375	A	0.001	0.001	0.000	0.004	0.000	0.000	0.000	0.001	0.001	0.000
376	A	0.000	0.000	0.000	0.002	0.000	0.000	0.000	0.001	0.001	0.000
377	D	0.002	0.002	0.001	0.015	0.000	0.000	0.009	0.013	0.004	0.003
378	G	0.001	0.002	0.000	0.006	0.000	0.000	0.000	0.004	0.001	0.001
379	T	0.004	0.005	0.000	0.011	0.000	0.000	0.001	0.004	0.002	0.002
380	R	0.011	0.018	0.000	0.013	0.001	0.000	0.004	0.004	0.005	0.005
381	E	0.005	0.005	0.000	0.012	0.000	0.000	0.010	0.005	0.005	0.004
382	R	0.022	0.050	0.001	0.016	0.003	0.001	0.001	0.003	0.004	0.003
383	Q	0.021	0.037	0.001	0.020	0.004	0.001	0.008	0.008	0.008	0.008
384	F	0.012	0.020	0.001	0.017	0.002	0.002	0.004	0.003	0.004	0.003
385	R	0.028	0.060	0.002	0.028	0.007	0.003	0.004	0.009	0.016	0.008
386	A	0.017	0.041	0.001	0.019	0.006	0.002	0.014	0.005	0.007	0.009
387	H	0.017	0.044	0.002	0.042	0.005	0.003	0.219	0.013	0.016	0.038
388	G	0.014	0.039	0.002	0.022	0.005	0.002	0.043	0.013	0.016	0.019
