No.	AA	DNA_binding	RNA_binding	Peptide_binding	Protein_binding	ATP_binding	HEM_binding	ZN_binding	CA_binding	MG_binding	MN_binding
1	M	0.003	0.003	0.004	0.121	0.000	0.009	0.002	0.001	0.000	0.001
2	S	0.004	0.004	0.002	0.030	0.000	0.002	0.000	0.000	0.001	0.001
3	L	0.022	0.028	0.003	0.065	0.001	0.002	0.000	0.000	0.000	0.001
4	E	0.013	0.014	0.002	0.055	0.001	0.002	0.001	0.000	0.001	0.001
5	Q	0.002	0.002	0.002	0.018	0.000	0.003	0.001	0.000	0.001	0.001
6	K	0.033	0.030	0.003	0.064	0.001	0.002	0.002	0.001	0.002	0.002
7	K	0.134	0.138	0.006	0.216	0.002	0.004	0.003	0.001	0.002	0.002
8	G	0.001	0.001	0.001	0.008	0.000	0.002	0.000	0.000	0.000	0.000
9	A	0.001	0.003	0.001	0.024	0.000	0.001	0.000	0.000	0.000	0.000
10	D	0.026	0.023	0.001	0.067	0.001	0.001	0.004	0.001	0.002	0.002
11	I	0.006	0.009	0.001	0.018	0.000	0.002	0.001	0.000	0.000	0.000
12	I	0.002	0.003	0.001	0.060	0.000	0.002	0.000	0.000	0.000	0.000
13	S	0.017	0.024	0.001	0.081	0.001	0.001	0.000	0.000	0.001	0.001
14	K	0.133	0.128	0.002	0.174	0.001	0.003	0.001	0.000	0.001	0.002
15	I	0.001	0.003	0.001	0.082	0.000	0.002	0.000	0.000	0.000	0.000
16	L	0.005	0.007	0.002	0.229	0.000	0.001	0.000	0.000	0.000	0.000
17	Q	0.142	0.121	0.002	0.240	0.001	0.002	0.000	0.001	0.001	0.001
18	I	0.036	0.055	0.001	0.105	0.000	0.002	0.000	0.000	0.001	0.000
19	Q	0.008	0.015	0.002	0.313	0.000	0.002	0.001	0.001	0.001	0.001
20	N	0.040	0.071	0.002	0.346	0.001	0.002	0.000	0.001	0.001	0.001
21	S	0.075	0.106	0.001	0.183	0.001	0.002	0.000	0.000	0.001	0.000
22	I	0.005	0.016	0.001	0.191	0.000	0.003	0.000	0.000	0.001	0.000
23	G	0.020	0.043	0.002	0.252	0.000	0.001	0.000	0.001	0.001	0.001
24	K	0.253	0.208	0.005	0.428	0.003	0.008	0.000	0.001	0.002	0.001
25	T	0.194	0.137	0.002	0.351	0.001	0.003	0.000	0.001	0.002	0.001
26	T	0.321	0.219	0.006	0.478	0.002	0.008	0.000	0.001	0.001	0.001
27	S	0.345	0.178	0.004	0.365	0.001	0.005	0.001	0.000	0.001	0.001
28	P	0.110	0.125	0.004	0.340	0.001	0.004	0.000	0.000	0.001	0.000
29	S	0.268	0.199	0.003	0.376	0.001	0.005	0.000	0.000	0.001	0.001
30	T	0.203	0.150	0.002	0.239	0.001	0.003	0.001	0.000	0.001	0.001
31	L	0.007	0.022	0.001	0.138	0.000	0.003	0.000	0.000	0.000	0.000
32	K	0.198	0.191	0.003	0.378	0.002	0.005	0.000	0.000	0.001	0.001
33	T	0.172	0.181	0.002	0.304	0.001	0.003	0.000	0.000	0.001	0.001
34	K	0.108	0.122	0.002	0.211	0.001	0.003	0.000	0.000	0.001	0.001
35	L	0.007	0.022	0.001	0.149	0.000	0.002	0.000	0.000	0.000	0.000
36	S	0.065	0.112	0.001	0.200	0.001	0.002	0.000	0.000	0.001	0.001
37	E	0.043	0.074	0.001	0.140	0.001	0.001	0.002	0.001	0.001	0.001
38	I	0.001	0.003	0.001	0.097	0.000	0.001	0.001	0.000	0.000	0.000
39	S	0.006	0.017	0.001	0.078	0.000	0.001	0.001	0.000	0.001	0.001
40	R	0.226	0.260	0.002	0.321	0.002	0.005	0.001	0.001	0.002	0.001
41	K	0.038	0.058	0.001	0.071	0.001	0.002	0.001	0.000	0.001	0.001
42	E	0.002	0.003	0.001	0.134	0.000	0.000	0.007	0.002	0.001	0.002
43	Q	0.057	0.124	0.002	0.180	0.001	0.002	0.000	0.001	0.001	0.001
44	E	0.034	0.054	0.001	0.103	0.001	0.001	0.003	0.001	0.001	0.001
45	N	0.001	0.002	0.001	0.030	0.000	0.001	0.001	0.000	0.001	0.001
46	A	0.001	0.004	0.001	0.041	0.000	0.000	0.000	0.000	0.000	0.000
47	R	0.274	0.349	0.004	0.362	0.003	0.006	0.000	0.001	0.001	0.001
48	I	0.003	0.005	0.001	0.022	0.000	0.002	0.001	0.000	0.000	0.000
49	Q	0.001	0.002	0.001	0.034	0.000	0.001	0.001	0.000	0.001	0.001
50	S	0.013	0.051	0.002	0.117	0.000	0.001	0.002	0.001	0.001	0.002
51	K	0.255	0.320	0.015	0.539	0.003	0.007	0.001	0.001	0.001	0.001
52	L	0.001	0.002	0.001	0.015	0.000	0.003	0.000	0.000	0.000	0.000
53	S	0.001	0.005	0.001	0.044	0.000	0.001	0.001	0.000	0.000	0.001
54	D	0.018	0.073	0.007	0.351	0.001	0.001	0.004	0.001	0.001	0.002
55	L	0.019	0.035	0.030	0.511	0.001	0.011	0.000	0.000	0.001	0.000
56	Q	0.002	0.003	0.002	0.073	0.000	0.002	0.002	0.001	0.001	0.001
57	K	0.048	0.087	0.005	0.284	0.001	0.002	0.002	0.002	0.002	0.002
58	K	0.198	0.253	0.060	0.676	0.003	0.010	0.001	0.001	0.002	0.001
59	K	0.006	0.007	0.041	0.423	0.000	0.010	0.006	0.001	0.001	0.001
60	I	0.001	0.003	0.002	0.078	0.000	0.001	0.001	0.001	0.000	0.001
61	D	0.030	0.076	0.010	0.416	0.001	0.002	0.005	0.002	0.001	0.002
62	I	0.010	0.012	0.035	0.590	0.000	0.008	0.001	0.001	0.001	0.001
63	D	0.001	0.002	0.006	0.258	0.000	0.001	0.009	0.002	0.001	0.002
64	N	0.009	0.019	0.005	0.198	0.000	0.001	0.002	0.001	0.001	0.001
65	K	0.144	0.145	0.029	0.618	0.002	0.005	0.002	0.002	0.002	0.002
66	L	0.002	0.003	0.016	0.494	0.000	0.004	0.002	0.001	0.001	0.001
67	L	0.002	0.004	0.004	0.177	0.000	0.002	0.001	0.001	0.001	0.001
68	K	0.164	0.174	0.017	0.501	0.002	0.004	0.002	0.002	0.002	0.001
69	E	0.002	0.003	0.013	0.448	0.000	0.001	0.043	0.013	0.004	0.011
70	K	0.005	0.004	0.007	0.363	0.000	0.001	0.003	0.001	0.001	0.001
71	Q	0.034	0.039	0.008	0.397	0.001	0.002	0.001	0.001	0.001	0.001
72	N	0.006	0.008	0.006	0.286	0.000	0.001	0.012	0.010	0.004	0.006
73	L	0.001	0.001	0.007	0.315	0.000	0.001	0.015	0.010	0.004	0.008
74	I	0.003	0.004	0.005	0.304	0.000	0.002	0.002	0.001	0.001	0.001
75	K	0.166	0.138	0.013	0.552	0.001	0.003	0.001	0.002	0.002	0.001
76	E	0.002	0.003	0.008	0.337	0.000	0.001	0.155	0.062	0.020	0.063
77	E	0.001	0.002	0.007	0.352	0.000	0.001	0.047	0.009	0.004	0.012
78	I	0.012	0.020	0.007	0.422	0.000	0.002	0.001	0.001	0.001	0.000
79	L	0.020	0.027	0.008	0.453	0.000	0.002	0.002	0.002	0.001	0.002
80	E	0.001	0.003	0.012	0.343	0.000	0.001	0.157	0.051	0.016	0.057
81	R	0.006	0.005	0.009	0.429	0.000	0.002	0.007	0.002	0.002	0.002
82	K	0.155	0.165	0.012	0.619	0.002	0.005	0.001	0.001	0.001	0.001
83	K	0.036	0.032	0.011	0.498	0.001	0.002	0.006	0.003	0.002	0.003
84	L	0.001	0.002	0.010	0.312	0.000	0.003	0.004	0.002	0.001	0.001
85	E	0.004	0.008	0.004	0.352	0.000	0.001	0.008	0.002	0.001	0.002
86	V	0.040	0.070	0.008	0.469	0.001	0.004	0.000	0.000	0.000	0.000
87	L	0.002	0.004	0.007	0.343	0.000	0.002	0.003	0.001	0.001	0.001
88	T	0.001	0.001	0.004	0.228	0.000	0.001	0.002	0.001	0.001	0.001
89	K	0.047	0.098	0.006	0.441	0.001	0.005	0.003	0.002	0.001	0.001
90	K	0.042	0.067	0.007	0.463	0.001	0.003	0.006	0.003	0.002	0.002
91	Q	0.002	0.003	0.008	0.333	0.000	0.001	0.013	0.006	0.002	0.004
92	Q	0.002	0.003	0.004	0.256	0.000	0.001	0.004	0.003	0.001	0.002
93	K	0.088	0.198	0.007	0.457	0.003	0.004	0.002	0.003	0.003	0.002
94	D	0.002	0.005	0.005	0.313	0.000	0.001	0.060	0.011	0.005	0.015
95	E	0.002	0.004	0.011	0.496	0.000	0.002	0.125	0.021	0.011	0.033
96	I	0.012	0.063	0.006	0.295	0.001	0.003	0.001	0.002	0.001	0.001
97	E	0.013	0.031	0.005	0.317	0.001	0.002	0.019	0.007	0.003	0.006
98	H	0.006	0.019	0.009	0.560	0.001	0.002	0.244	0.020	0.016	0.062
99	Q	0.009	0.019	0.014	0.580	0.001	0.005	0.017	0.008	0.006	0.010
100	K	0.195	0.278	0.015	0.531	0.009	0.016	0.001	0.002	0.002	0.002
101	K	0.035	0.092	0.010	0.503	0.002	0.006	0.024	0.007	0.006	0.010
102	L	0.003	0.014	0.009	0.579	0.001	0.011	0.010	0.003	0.004	0.005
103	K	0.182	0.245	0.032	0.574	0.013	0.028	0.002	0.002	0.003	0.003
104	R	0.288	0.300	0.019	0.549	0.017	0.050	0.001	0.002	0.003	0.002
105	E	0.003	0.009	0.008	0.538	0.001	0.005	0.042	0.010	0.007	0.014
106	I	0.006	0.025	0.015	0.538	0.001	0.013	0.000	0.001	0.001	0.000
107	D	0.019	0.038	0.012	0.296	0.002	0.009	0.005	0.006	0.005	0.005
108	A	0.011	0.020	0.007	0.254	0.001	0.005	0.000	0.001	0.002	0.001
109	I	0.003	0.009	0.009	0.436	0.001	0.006	0.000	0.002	0.003	0.001
110	K	0.070	0.116	0.035	0.510	0.008	0.022	0.000	0.004	0.005	0.002
111	A	0.004	0.013	0.007	0.079	0.002	0.004	0.000	0.002	0.003	0.002
112	S	0.004	0.011	0.006	0.144	0.003	0.005	0.000	0.002	0.004	0.001
113	T	0.003	0.015	0.011	0.234	0.003	0.007	0.000	0.003	0.005	0.001
114	Q	0.008	0.033	0.015	0.177	0.009	0.011	0.001	0.013	0.012	0.009
115	Y	0.015	0.034	0.017	0.095	0.023	0.013	0.002	0.006	0.010	0.009
116	I	0.002	0.009	0.009	0.133	0.007	0.005	0.000	0.005	0.005	0.002
117	T	0.003	0.012	0.011	0.118	0.008	0.008	0.000	0.004	0.007	0.002
118	D	0.002	0.007	0.012	0.085	0.007	0.005	0.011	0.033	0.021	0.027
119	V	0.002	0.009	0.010	0.074	0.011	0.008	0.000	0.005	0.005	0.004
120	S	0.003	0.012	0.009	0.091	0.010	0.006	0.000	0.009	0.007	0.004
121	I	0.003	0.019	0.010	0.128	0.023	0.015	0.000	0.008	0.011	0.006
122	S	0.005	0.019	0.010	0.107	0.017	0.013	0.001	0.014	0.011	0.010
123	S	0.004	0.014	0.010	0.145	0.018	0.007	0.001	0.019	0.013	0.010
124	Y	0.006	0.026	0.016	0.262	0.033	0.016	0.006	0.014	0.017	0.017
125	N	0.003	0.013	0.012	0.163	0.022	0.008	0.001	0.023	0.012	0.009
126	N	0.003	0.010	0.015	0.226	0.029	0.006	0.002	0.034	0.014	0.011
127	T	0.002	0.009	0.009	0.211	0.018	0.004	0.000	0.022	0.009	0.004
128	I	0.002	0.006	0.011	0.262	0.017	0.003	0.001	0.026	0.009	0.004
129	P	0.002	0.006	0.012	0.208	0.011	0.002	0.000	0.013	0.004	0.002
130	E	0.003	0.006	0.019	0.109	0.013	0.003	0.084	0.104	0.043	0.049
131	T	0.003	0.005	0.019	0.145	0.011	0.001	0.001	0.023	0.008	0.003
132	E	0.002	0.004	0.031	0.047	0.010	0.002	0.072	0.116	0.052	0.047
133	P	0.002	0.003	0.037	0.037	0.007	0.001	0.001	0.021	0.015	0.005
134	E	0.003	0.007	0.074	0.038	0.018	0.001	0.044	0.083	0.037	0.038
135	Y	0.012	0.033	0.174	0.059	0.138	0.013	0.002	0.007	0.011	0.008
136	D	0.000	0.001	0.026	0.003	0.004	0.000	0.025	0.068	0.043	0.044
137	L	0.000	0.000	0.004	0.001	0.001	0.001	0.000	0.001	0.003	0.001
138	F	0.006	0.011	0.161	0.026	0.237	0.043	0.000	0.002	0.010	0.003
139	I	0.001	0.003	0.044	0.001	0.137	0.017	0.000	0.001	0.006	0.002
140	S	0.016	0.039	0.066	0.002	0.194	0.141	0.001	0.002	0.016	0.004
141	H	0.150	0.153	0.236	0.013	0.432	0.132	0.018	0.030	0.146	0.045
142	A	0.185	0.173	0.096	0.007	0.446	0.121	0.002	0.015	0.093	0.011
143	S	0.251	0.336	0.111	0.055	0.369	0.071	0.003	0.028	0.107	0.038
144	E	0.009	0.016	0.010	0.014	0.026	0.003	0.099	0.026	0.036	0.056
145	D	0.001	0.001	0.002	0.000	0.015	0.002	0.139	0.015	0.047	0.070
146	K	0.141	0.118	0.093	0.114	0.108	0.041	0.007	0.015	0.051	0.037
147	E	0.009	0.025	0.013	0.029	0.009	0.002	0.031	0.013	0.012	0.023
148	D	0.001	0.003	0.006	0.002	0.016	0.003	0.084	0.036	0.030	0.045
149	F	0.001	0.001	0.006	0.001	0.019	0.017	0.001	0.001	0.004	0.004
150	V	0.002	0.002	0.007	0.000	0.016	0.033	0.000	0.000	0.005	0.002
151	R	0.027	0.053	0.066	0.032	0.023	0.013	0.001	0.006	0.012	0.008
152	P	0.000	0.001	0.004	0.001	0.003	0.001	0.000	0.001	0.002	0.001
153	L	0.000	0.000	0.001	0.000	0.001	0.006	0.000	0.000	0.001	0.001
154	A	0.001	0.002	0.032	0.003	0.004	0.008	0.000	0.000	0.002	0.001
155	E	0.002	0.008	0.032	0.012	0.003	0.001	0.035	0.015	0.011	0.019
156	T	0.000	0.000	0.001	0.000	0.000	0.000	0.001	0.002	0.003	0.003
157	L	0.000	0.000	0.001	0.001	0.000	0.001	0.000	0.001	0.002	0.001
158	Q	0.003	0.008	0.044	0.011	0.009	0.002	0.003	0.009	0.013	0.008
159	Q	0.001	0.002	0.008	0.004	0.001	0.000	0.013	0.010	0.009	0.015
160	L	0.000	0.000	0.003	0.002	0.001	0.000	0.009	0.005	0.008	0.011
161	G	0.000	0.001	0.012	0.003	0.002	0.000	0.002	0.035	0.023	0.016
162	V	0.000	0.000	0.005	0.001	0.001	0.000	0.000	0.004	0.008	0.004
163	N	0.003	0.010	0.047	0.015	0.052	0.004	0.005	0.026	0.032	0.022
164	V	0.004	0.006	0.073	0.010	0.037	0.005	0.000	0.003	0.021	0.004
165	W	0.059	0.036	0.217	0.020	0.206	0.027	0.001	0.004	0.030	0.009
166	Y	0.036	0.090	0.231	0.010	0.204	0.031	0.002	0.023	0.122	0.020
167	D	0.041	0.086	0.220	0.054	0.211	0.035	0.028	0.024	0.070	0.046
168	E	0.061	0.081	0.106	0.198	0.112	0.020	0.064	0.031	0.047	0.056
169	F	0.044	0.078	0.155	0.126	0.257	0.115	0.001	0.003	0.012	0.005
170	T	0.059	0.093	0.045	0.114	0.063	0.015	0.010	0.003	0.008	0.005
171	L	0.137	0.169	0.064	0.258	0.139	0.073	0.000	0.003	0.015	0.003
172	K	0.155	0.239	0.026	0.299	0.076	0.014	0.005	0.003	0.009	0.004
173	V	0.321	0.271	0.030	0.578	0.050	0.013	0.001	0.006	0.009	0.003
174	G	0.174	0.221	0.058	0.561	0.074	0.007	0.001	0.011	0.034	0.006
175	D	0.085	0.084	0.051	0.480	0.050	0.010	0.010	0.009	0.011	0.007
176	S	0.217	0.162	0.078	0.570	0.043	0.025	0.001	0.009	0.026	0.004
177	L	0.206	0.206	0.203	0.239	0.251	0.159	0.000	0.002	0.007	0.003
178	R	0.141	0.138	0.219	0.647	0.034	0.028	0.007	0.014	0.020	0.023
179	Q	0.058	0.091	0.068	0.331	0.058	0.011	0.001	0.004	0.007	0.003
180	K	0.032	0.057	0.184	0.056	0.253	0.042	0.000	0.002	0.008	0.003
181	I	0.004	0.020	0.159	0.027	0.162	0.151	0.000	0.000	0.001	0.001
182	D	0.008	0.017	0.089	0.357	0.017	0.010	0.028	0.011	0.012	0.014
183	S	0.009	0.023	0.102	0.052	0.027	0.004	0.000	0.001	0.003	0.001
184	G	0.001	0.005	0.042	0.003	0.055	0.013	0.000	0.000	0.002	0.001
185	L	0.001	0.002	0.026	0.022	0.009	0.015	0.000	0.001	0.003	0.001
186	R	0.024	0.065	0.075	0.270	0.081	0.018	0.001	0.006	0.008	0.004
187	N	0.006	0.015	0.056	0.028	0.038	0.002	0.002	0.011	0.019	0.006
188	S	0.000	0.001	0.008	0.002	0.003	0.001	0.000	0.001	0.007	0.001
189	K	0.001	0.004	0.008	0.006	0.004	0.001	0.004	0.024	0.028	0.015
190	Y	0.001	0.002	0.005	0.019	0.001	0.001	0.000	0.002	0.005	0.002
191	G	0.000	0.000	0.001	0.001	0.001	0.002	0.000	0.000	0.001	0.001
192	T	0.000	0.000	0.001	0.001	0.002	0.003	0.000	0.000	0.002	0.001
193	V	0.000	0.001	0.001	0.001	0.008	0.006	0.000	0.000	0.001	0.001
194	V	0.000	0.001	0.001	0.000	0.014	0.010	0.001	0.001	0.008	0.004
195	L	0.000	0.000	0.001	0.001	0.001	0.003	0.000	0.000	0.002	0.001
196	S	0.000	0.001	0.000	0.000	0.008	0.002	0.001	0.002	0.021	0.006
197	T	0.001	0.002	0.001	0.001	0.003	0.000	0.001	0.005	0.017	0.006
198	D	0.003	0.006	0.004	0.003	0.017	0.001	0.119	0.033	0.062	0.079
199	F	0.008	0.020	0.025	0.002	0.229	0.168	0.001	0.002	0.017	0.008
200	I	0.000	0.001	0.002	0.007	0.002	0.001	0.000	0.006	0.021	0.003
201	K	0.017	0.032	0.013	0.055	0.018	0.002	0.013	0.009	0.014	0.009
202	K	0.332	0.355	0.148	0.206	0.400	0.157	0.016	0.025	0.054	0.036
203	D	0.075	0.111	0.092	0.514	0.049	0.007	0.085	0.101	0.081	0.069
204	W	0.362	0.298	0.226	0.276	0.309	0.191	0.003	0.023	0.054	0.020
205	T	0.177	0.155	0.145	0.596	0.022	0.014	0.007	0.035	0.060	0.018
206	N	0.016	0.018	0.059	0.566	0.005	0.003	0.018	0.072	0.058	0.035
207	Y	0.110	0.101	0.216	0.711	0.013	0.023	0.008	0.017	0.013	0.014
208	E	0.051	0.076	0.122	0.395	0.078	0.015	0.003	0.006	0.015	0.016
209	L	0.000	0.001	0.006	0.013	0.001	0.009	0.000	0.000	0.001	0.000
210	D	0.004	0.007	0.059	0.603	0.003	0.002	0.064	0.067	0.042	0.040
211	G	0.005	0.010	0.092	0.404	0.004	0.009	0.000	0.002	0.003	0.001
212	L	0.000	0.002	0.008	0.013	0.005	0.036	0.000	0.000	0.001	0.000
213	V	0.001	0.001	0.013	0.371	0.000	0.001	0.000	0.001	0.002	0.001
214	A	0.009	0.022	0.085	0.615	0.005	0.007	0.000	0.002	0.003	0.001
215	R	0.039	0.069	0.121	0.405	0.040	0.039	0.007	0.011	0.017	0.012
216	E	0.002	0.002	0.016	0.141	0.002	0.002	0.037	0.014	0.017	0.019
217	M	0.008	0.014	0.065	0.605	0.006	0.007	0.000	0.005	0.005	0.002
218	N	0.029	0.056	0.065	0.499	0.018	0.009	0.024	0.017	0.018	0.018
219	G	0.003	0.006	0.013	0.115	0.008	0.002	0.002	0.007	0.010	0.005
220	H	0.011	0.025	0.075	0.269	0.030	0.010	0.277	0.032	0.042	0.116
221	K	0.006	0.014	0.031	0.079	0.018	0.007	0.003	0.013	0.021	0.011
222	M	0.001	0.002	0.014	0.193	0.001	0.001	0.001	0.004	0.008	0.003
223	I	0.000	0.000	0.003	0.023	0.000	0.002	0.000	0.000	0.001	0.000
224	L	0.000	0.001	0.009	0.063	0.000	0.001	0.000	0.001	0.003	0.001
225	P	0.000	0.000	0.004	0.026	0.000	0.001	0.000	0.001	0.004	0.001
226	I	0.000	0.000	0.004	0.003	0.001	0.005	0.000	0.000	0.002	0.001
227	W	0.001	0.002	0.039	0.061	0.001	0.001	0.000	0.002	0.017	0.002
228	H	0.001	0.002	0.005	0.001	0.039	0.009	0.111	0.006	0.029	0.048
229	K	0.001	0.003	0.005	0.001	0.009	0.002	0.003	0.004	0.008	0.007
230	I	0.000	0.001	0.005	0.003	0.003	0.001	0.000	0.002	0.009	0.001
231	T	0.002	0.003	0.018	0.023	0.003	0.001	0.000	0.005	0.046	0.005
232	K	0.004	0.004	0.041	0.191	0.001	0.002	0.000	0.004	0.016	0.003
233	N	0.002	0.004	0.011	0.038	0.002	0.000	0.005	0.013	0.024	0.010
234	D	0.000	0.001	0.005	0.011	0.001	0.000	0.053	0.030	0.034	0.039
235	V	0.000	0.000	0.003	0.008	0.000	0.001	0.000	0.001	0.003	0.001
236	L	0.001	0.002	0.021	0.145	0.001	0.001	0.000	0.003	0.006	0.002
237	D	0.001	0.002	0.012	0.130	0.001	0.000	0.094	0.064	0.039	0.056
238	Y	0.003	0.002	0.008	0.078	0.001	0.001	0.000	0.004	0.011	0.003
239	S	0.000	0.000	0.003	0.034	0.000	0.000	0.001	0.005	0.011	0.004
240	P	0.001	0.002	0.022	0.299	0.001	0.001	0.000	0.008	0.012	0.002
241	N	0.003	0.003	0.028	0.578	0.001	0.001	0.007	0.018	0.022	0.011
242	L	0.000	0.000	0.004	0.039	0.000	0.001	0.000	0.001	0.003	0.001
243	A	0.001	0.001	0.010	0.100	0.000	0.001	0.000	0.006	0.018	0.003
244	D	0.002	0.004	0.030	0.468	0.001	0.001	0.012	0.049	0.032	0.014
245	K	0.003	0.003	0.022	0.456	0.001	0.002	0.001	0.007	0.011	0.004
246	V	0.001	0.002	0.031	0.230	0.001	0.001	0.000	0.007	0.011	0.002
247	A	0.001	0.001	0.021	0.119	0.000	0.000	0.000	0.003	0.007	0.001
248	L	0.001	0.001	0.032	0.116	0.001	0.001	0.000	0.001	0.004	0.001
249	N	0.001	0.003	0.024	0.011	0.005	0.001	0.000	0.002	0.007	0.001
250	T	0.000	0.001	0.009	0.001	0.004	0.001	0.001	0.003	0.011	0.003
251	S	0.001	0.003	0.013	0.005	0.007	0.002	0.000	0.003	0.004	0.001
252	V	0.001	0.003	0.033	0.045	0.003	0.001	0.000	0.002	0.004	0.001
253	N	0.000	0.001	0.049	0.055	0.001	0.001	0.000	0.002	0.007	0.002
254	S	0.001	0.001	0.007	0.001	0.004	0.001	0.000	0.002	0.006	0.002
255	I	0.000	0.001	0.005	0.000	0.004	0.002	0.000	0.001	0.003	0.002
256	E	0.000	0.001	0.005	0.002	0.002	0.001	0.121	0.023	0.022	0.065
257	E	0.000	0.001	0.017	0.013	0.001	0.000	0.071	0.022	0.023	0.041
258	I	0.000	0.000	0.005	0.003	0.001	0.002	0.000	0.000	0.002	0.001
259	A	0.000	0.000	0.001	0.000	0.001	0.001	0.001	0.001	0.002	0.002
260	H	0.001	0.003	0.009	0.007	0.004	0.001	0.388	0.076	0.095	0.293
261	Q	0.001	0.002	0.046	0.105	0.001	0.000	0.008	0.012	0.015	0.011
262	L	0.000	0.000	0.004	0.016	0.000	0.001	0.000	0.000	0.001	0.001
263	A	0.000	0.000	0.002	0.001	0.000	0.000	0.008	0.004	0.006	0.007
264	D	0.001	0.002	0.006	0.014	0.002	0.001	0.311	0.154	0.117	0.250
265	V	0.000	0.001	0.006	0.069	0.000	0.000	0.000	0.003	0.005	0.002
266	I	0.000	0.000	0.002	0.001	0.000	0.000	0.000	0.004	0.006	0.003
267	L	0.000	0.001	0.006	0.003	0.001	0.000	0.007	0.049	0.034	0.020
268	N	0.001	0.003	0.003	0.012	0.001	0.000	0.072	0.079	0.046	0.049
269	R	0.003	0.008	0.008	0.046	0.004	0.002	0.007	0.014	0.015	0.010
